10	13	-93	95	97	89	35	40	-80	75	-28	-22	18	16	-76
89	34	21	65	6	77	-79	97	-56	71	-42	-42	73	36	87
-27	20	-77	10	-37	70	96	82	99	85	72	-47	85	-69	-47
-97	-35	-70	-98	25	51	-71	31	-70	64	-81	57	94	60	-45
-7	-18	75	-56	-80	-82	-42	-17	8	44	49	-83	-84	82	-100
34	-7	23	-18	-59	-28	10	80	-30	-32	-87	4	-51	-69	-53
7	-77	72	6	33	98	28	96	6	-99	-22	-68	-100	-28	18
57	51	7	42	93	-11	-9	-66	-22	13	-19	-63	-58	-98	46
83	-53	-56	15	-95	-80	32	-54	100	-65	-97	-14	86	-9	-33
-53	-44	10	-41	-99	-66	49	-12	-7	29	-23	-85	6	55	78
